##TITLE= Parameter file, TopSpin 3.5 pl 7
##JCAMPDX= 5.0
##DATATYPE= Parameter Values
##NPOINTS= 1001	$$ modification sequence number
##ORIGIN= Bruker BioSpin GmbH
##OWNER= chemist
$$ 2017-11-09 16:27:37.833 +0000  chemist@ava600
$$ /opt/topspin3.5/exp/stan/nmr/lists/wave/user/EthanolShape
$$ process /opt/topspin3.5/prog/mod/xwinshape
##MINX= 0.12875100
##MAXX= 99.99996600
##MINY= 0.04694800
##MAXY= 359.95305200
##$SHAPE_ADDPHASE= 0
##$SHAPE_AMP= 99.99996643
##$SHAPE_BWFAC= 0
##$SHAPE_BWFAC50= 0
##$SHAPE_CALCBW= yes
##$SHAPE_CALCINTEG= yes
##$SHAPE_EXMODE= <Excitation>
##$SHAPE_EXPAND= <>
##$SHAPE_EXPANDCF= (0..143)
0 0 0 0 0 0 0 0 0 0 0 0 0 0 0 0 0 0 0 0 0 0 0 0 0 0 0 0 0 0 0 0 0 0 0 0
0 0 0 0 0 0 0 0 0 0 0 0 0 0 0 0 0 0 0 0 0 0 0 0 0 0 0 0 0 0 0 0 0 0 0 0
0 0 0 0 0 0 0 0 0 0 0 0 0 0 0 0 0 0 0 0 0 0 0 0 0 0 0 0 0 0 0 0 0 0 0 0
0 0 0 0 0 0 0 0 0 0 0 0 0 0 0 0 0 0 0 0 0 0 0 0 0 0 0 0 0 0 0 0 0 0 0 0
##$SHAPE_EXPFAC= 0
##$SHAPE_FRACEND= 0
##$SHAPE_FRACORG= 0
##$SHAPE_FRACSTART= 0
##$SHAPE_INTEGFAC= 0
##$SHAPE_KEEPRES= yes
##$SHAPE_LENGTH= 50125
##$SHAPE_MAN= <M>
##$SHAPE_MODE= 2
##$SHAPE_MODFREQ= 0
##$SHAPE_MODPHASE= 0
##$SHAPE_MODSCALE= 0
##$SHAPE_MODSW= 0
##$SHAPE_MODSWDIR= -1
##$SHAPE_NPOINTS= 1000
##$SHAPE_OFFS= <1 2>
##$SHAPE_OFFSCOEFF= (0..95)
0 0 100 -1476.1903 0 100 0 0 0 0 0 0 0 0 0 0 0 0 0 0 0 0 0 0 0 0 0 0 0
0 0 0 0 0 0 0 0 0 0 0 0 0 0 0 0 0 0 0 0 0 0 0 0 0 0 0 0 0 0 0 0 0 0 0 0
0 0 0 0 0 0 0 0 0 0 0 0 0 0 0 0 0 0 0 0 0 0 0 0 0 0 0 0 0 0 0
##$SHAPE_PARAMETER= <>
##$SHAPE_REPHFAC= 0
##$SHAPE_RES= 0
##$SHAPE_SCALEFAC= 1.00000034
##$SHAPE_SCALETYPE= 0
##$SHAPE_SPOAL= 0
##$SHAPE_SPOFFS= 0
##$SHAPE_SPOPH= 0
##$SHAPE_TOTROT= 90
##$SHAPE_TYPE= <Excitation>
##$SHAPE_USER_DEF= 0
##$SHAPE_VERSION= 2.1
##$SHL_ADDPHASE= (0..15)
0 0 0 0 0 0 0 0 0 0 0 0 0 0 0 0
##$SHL_ALIGNOFFSET= (0..15)
0 0 0 0 0 0 0 0 0 0 0 0 0 0 0 0
##$SHL_AMP= (0..15)
100 0 0 0 0 0 0 0 0 0 0 0 0 0 0 0
##$SHL_AMPFAC= (0..15)
0 0 0 0 0 0 0 0 0 0 0 0 0 0 0 0
##$SHL_BETA= (0..15)
0 0 0 0 0 0 0 0 0 0 0 0 0 0 0 0
##$SHL_BWFAC= (0..15)
1.116 0 0 0 0 0 0 0 0 0 0 0 0 0 0 0
##$SHL_CALCBW= (0..15)
yes yes yes yes yes yes yes yes yes yes yes yes yes yes yes yes
##$SHL_CALCINTEG= (0..15)
yes yes yes yes yes yes yes yes yes yes yes yes yes yes yes yes
##$SHL_CENTERAMP= (0..15)
0 0 0 0 0 0 0 0 0 0 0 0 0 0 0 0
##$SHL_CYCNUM= (0..15)
0 0 0 0 0 0 0 0 0 0 0 0 0 0 0 0
##$SHL_DIPOLCPL= (0..15)
0 0 0 0 0 0 0 0 0 0 0 0 0 0 0 0
##$SHL_ENDAMP= (0..15)
0 0 0 0 0 0 0 0 0 0 0 0 0 0 0 0
##$SHL_EXMODE= (0..15)
<Excitation> <> <> <> <> <> <> <> <> <> <> <> <> <> <> <>
##$SHL_EXPAND= (0..15)
<> <> <> <> <> <> <> <> <> <> <> <> <> <> <> <>
##$SHL_EXPANDCF0= (0..143)
0 0 0 0 0 0 0 0 0 0 0 0 0 0 0 0 0 0 0 0 0 0 0 0 0 0 0 0 0 0 0 0 0 0 0 0
0 0 0 0 0 0 0 0 0 0 0 0 0 0 0 0 0 0 0 0 0 0 0 0 0 0 0 0 0 0 0 0 0 0 0 0
0 0 0 0 0 0 0 0 0 0 0 0 0 0 0 0 0 0 0 0 0 0 0 0 0 0 0 0 0 0 0 0 0 0 0 0
0 0 0 0 0 0 0 0 0 0 0 0 0 0 0 0 0 0 0 0 0 0 0 0 0 0 0 0 0 0 0 0 0 0 0 0
##$SHL_EXPANDCF1= (0..143)
0 0 0 0 0 0 0 0 0 0 0 0 0 0 0 0 0 0 0 0 0 0 0 0 0 0 0 0 0 0 0 0 0 0 0 0
0 0 0 0 0 0 0 0 0 0 0 0 0 0 0 0 0 0 0 0 0 0 0 0 0 0 0 0 0 0 0 0 0 0 0 0
0 0 0 0 0 0 0 0 0 0 0 0 0 0 0 0 0 0 0 0 0 0 0 0 0 0 0 0 0 0 0 0 0 0 0 0
0 0 0 0 0 0 0 0 0 0 0 0 0 0 0 0 0 0 0 0 0 0 0 0 0 0 0 0 0 0 0 0 0 0 0 0
##$SHL_EXPANDCF10= (0..143)
0 0 0 0 0 0 0 0 0 0 0 0 0 0 0 0 0 0 0 0 0 0 0 0 0 0 0 0 0 0 0 0 0 0 0 0
0 0 0 0 0 0 0 0 0 0 0 0 0 0 0 0 0 0 0 0 0 0 0 0 0 0 0 0 0 0 0 0 0 0 0 0
0 0 0 0 0 0 0 0 0 0 0 0 0 0 0 0 0 0 0 0 0 0 0 0 0 0 0 0 0 0 0 0 0 0 0 0
0 0 0 0 0 0 0 0 0 0 0 0 0 0 0 0 0 0 0 0 0 0 0 0 0 0 0 0 0 0 0 0 0 0 0 0
##$SHL_EXPANDCF11= (0..143)
0 0 0 0 0 0 0 0 0 0 0 0 0 0 0 0 0 0 0 0 0 0 0 0 0 0 0 0 0 0 0 0 0 0 0 0
0 0 0 0 0 0 0 0 0 0 0 0 0 0 0 0 0 0 0 0 0 0 0 0 0 0 0 0 0 0 0 0 0 0 0 0
0 0 0 0 0 0 0 0 0 0 0 0 0 0 0 0 0 0 0 0 0 0 0 0 0 0 0 0 0 0 0 0 0 0 0 0
0 0 0 0 0 0 0 0 0 0 0 0 0 0 0 0 0 0 0 0 0 0 0 0 0 0 0 0 0 0 0 0 0 0 0 0
##$SHL_EXPANDCF12= (0..143)
0 0 0 0 0 0 0 0 0 0 0 0 0 0 0 0 0 0 0 0 0 0 0 0 0 0 0 0 0 0 0 0 0 0 0 0
0 0 0 0 0 0 0 0 0 0 0 0 0 0 0 0 0 0 0 0 0 0 0 0 0 0 0 0 0 0 0 0 0 0 0 0
0 0 0 0 0 0 0 0 0 0 0 0 0 0 0 0 0 0 0 0 0 0 0 0 0 0 0 0 0 0 0 0 0 0 0 0
0 0 0 0 0 0 0 0 0 0 0 0 0 0 0 0 0 0 0 0 0 0 0 0 0 0 0 0 0 0 0 0 0 0 0 0
##$SHL_EXPANDCF13= (0..143)
0 0 0 0 0 0 0 0 0 0 0 0 0 0 0 0 0 0 0 0 0 0 0 0 0 0 0 0 0 0 0 0 0 0 0 0
0 0 0 0 0 0 0 0 0 0 0 0 0 0 0 0 0 0 0 0 0 0 0 0 0 0 0 0 0 0 0 0 0 0 0 0
0 0 0 0 0 0 0 0 0 0 0 0 0 0 0 0 0 0 0 0 0 0 0 0 0 0 0 0 0 0 0 0 0 0 0 0
0 0 0 0 0 0 0 0 0 0 0 0 0 0 0 0 0 0 0 0 0 0 0 0 0 0 0 0 0 0 0 0 0 0 0 0
##$SHL_EXPANDCF14= (0..143)
0 0 0 0 0 0 0 0 0 0 0 0 0 0 0 0 0 0 0 0 0 0 0 0 0 0 0 0 0 0 0 0 0 0 0 0
0 0 0 0 0 0 0 0 0 0 0 0 0 0 0 0 0 0 0 0 0 0 0 0 0 0 0 0 0 0 0 0 0 0 0 0
0 0 0 0 0 0 0 0 0 0 0 0 0 0 0 0 0 0 0 0 0 0 0 0 0 0 0 0 0 0 0 0 0 0 0 0
0 0 0 0 0 0 0 0 0 0 0 0 0 0 0 0 0 0 0 0 0 0 0 0 0 0 0 0 0 0 0 0 0 0 0 0
##$SHL_EXPANDCF15= (0..143)
0 0 0 0 0 0 0 0 0 0 0 0 0 0 0 0 0 0 0 0 0 0 0 0 0 0 0 0 0 0 0 0 0 0 0 0
0 0 0 0 0 0 0 0 0 0 0 0 0 0 0 0 0 0 0 0 0 0 0 0 0 0 0 0 0 0 0 0 0 0 0 0
0 0 0 0 0 0 0 0 0 0 0 0 0 0 0 0 0 0 0 0 0 0 0 0 0 0 0 0 0 0 0 0 0 0 0 0
0 0 0 0 0 0 0 0 0 0 0 0 0 0 0 0 0 0 0 0 0 0 0 0 0 0 0 0 0 0 0 0 0 0 0 0
##$SHL_EXPANDCF2= (0..143)
0 0 0 0 0 0 0 0 0 0 0 0 0 0 0 0 0 0 0 0 0 0 0 0 0 0 0 0 0 0 0 0 0 0 0 0
0 0 0 0 0 0 0 0 0 0 0 0 0 0 0 0 0 0 0 0 0 0 0 0 0 0 0 0 0 0 0 0 0 0 0 0
0 0 0 0 0 0 0 0 0 0 0 0 0 0 0 0 0 0 0 0 0 0 0 0 0 0 0 0 0 0 0 0 0 0 0 0
0 0 0 0 0 0 0 0 0 0 0 0 0 0 0 0 0 0 0 0 0 0 0 0 0 0 0 0 0 0 0 0 0 0 0 0
##$SHL_EXPANDCF3= (0..143)
0 0 0 0 0 0 0 0 0 0 0 0 0 0 0 0 0 0 0 0 0 0 0 0 0 0 0 0 0 0 0 0 0 0 0 0
0 0 0 0 0 0 0 0 0 0 0 0 0 0 0 0 0 0 0 0 0 0 0 0 0 0 0 0 0 0 0 0 0 0 0 0
0 0 0 0 0 0 0 0 0 0 0 0 0 0 0 0 0 0 0 0 0 0 0 0 0 0 0 0 0 0 0 0 0 0 0 0
0 0 0 0 0 0 0 0 0 0 0 0 0 0 0 0 0 0 0 0 0 0 0 0 0 0 0 0 0 0 0 0 0 0 0 0
##$SHL_EXPANDCF4= (0..143)
0 0 0 0 0 0 0 0 0 0 0 0 0 0 0 0 0 0 0 0 0 0 0 0 0 0 0 0 0 0 0 0 0 0 0 0
0 0 0 0 0 0 0 0 0 0 0 0 0 0 0 0 0 0 0 0 0 0 0 0 0 0 0 0 0 0 0 0 0 0 0 0
0 0 0 0 0 0 0 0 0 0 0 0 0 0 0 0 0 0 0 0 0 0 0 0 0 0 0 0 0 0 0 0 0 0 0 0
0 0 0 0 0 0 0 0 0 0 0 0 0 0 0 0 0 0 0 0 0 0 0 0 0 0 0 0 0 0 0 0 0 0 0 0
##$SHL_EXPANDCF5= (0..143)
0 0 0 0 0 0 0 0 0 0 0 0 0 0 0 0 0 0 0 0 0 0 0 0 0 0 0 0 0 0 0 0 0 0 0 0
0 0 0 0 0 0 0 0 0 0 0 0 0 0 0 0 0 0 0 0 0 0 0 0 0 0 0 0 0 0 0 0 0 0 0 0
0 0 0 0 0 0 0 0 0 0 0 0 0 0 0 0 0 0 0 0 0 0 0 0 0 0 0 0 0 0 0 0 0 0 0 0
0 0 0 0 0 0 0 0 0 0 0 0 0 0 0 0 0 0 0 0 0 0 0 0 0 0 0 0 0 0 0 0 0 0 0 0
##$SHL_EXPANDCF6= (0..143)
0 0 0 0 0 0 0 0 0 0 0 0 0 0 0 0 0 0 0 0 0 0 0 0 0 0 0 0 0 0 0 0 0 0 0 0
0 0 0 0 0 0 0 0 0 0 0 0 0 0 0 0 0 0 0 0 0 0 0 0 0 0 0 0 0 0 0 0 0 0 0 0
0 0 0 0 0 0 0 0 0 0 0 0 0 0 0 0 0 0 0 0 0 0 0 0 0 0 0 0 0 0 0 0 0 0 0 0
0 0 0 0 0 0 0 0 0 0 0 0 0 0 0 0 0 0 0 0 0 0 0 0 0 0 0 0 0 0 0 0 0 0 0 0
##$SHL_EXPANDCF7= (0..143)
0 0 0 0 0 0 0 0 0 0 0 0 0 0 0 0 0 0 0 0 0 0 0 0 0 0 0 0 0 0 0 0 0 0 0 0
0 0 0 0 0 0 0 0 0 0 0 0 0 0 0 0 0 0 0 0 0 0 0 0 0 0 0 0 0 0 0 0 0 0 0 0
0 0 0 0 0 0 0 0 0 0 0 0 0 0 0 0 0 0 0 0 0 0 0 0 0 0 0 0 0 0 0 0 0 0 0 0
0 0 0 0 0 0 0 0 0 0 0 0 0 0 0 0 0 0 0 0 0 0 0 0 0 0 0 0 0 0 0 0 0 0 0 0
##$SHL_EXPANDCF8= (0..143)
0 0 0 0 0 0 0 0 0 0 0 0 0 0 0 0 0 0 0 0 0 0 0 0 0 0 0 0 0 0 0 0 0 0 0 0
0 0 0 0 0 0 0 0 0 0 0 0 0 0 0 0 0 0 0 0 0 0 0 0 0 0 0 0 0 0 0 0 0 0 0 0
0 0 0 0 0 0 0 0 0 0 0 0 0 0 0 0 0 0 0 0 0 0 0 0 0 0 0 0 0 0 0 0 0 0 0 0
0 0 0 0 0 0 0 0 0 0 0 0 0 0 0 0 0 0 0 0 0 0 0 0 0 0 0 0 0 0 0 0 0 0 0 0
##$SHL_EXPANDCF9= (0..143)
0 0 0 0 0 0 0 0 0 0 0 0 0 0 0 0 0 0 0 0 0 0 0 0 0 0 0 0 0 0 0 0 0 0 0 0
0 0 0 0 0 0 0 0 0 0 0 0 0 0 0 0 0 0 0 0 0 0 0 0 0 0 0 0 0 0 0 0 0 0 0 0
0 0 0 0 0 0 0 0 0 0 0 0 0 0 0 0 0 0 0 0 0 0 0 0 0 0 0 0 0 0 0 0 0 0 0 0
0 0 0 0 0 0 0 0 0 0 0 0 0 0 0 0 0 0 0 0 0 0 0 0 0 0 0 0 0 0 0 0 0 0 0 0
##$SHL_EXPFAC= (0..15)
0 0 0 0 0 0 0 0 0 0 0 0 0 0 0 0
##$SHL_FRACEND= (0..15)
0 0 0 0 0 0 0 0 0 0 0 0 0 0 0 0
##$SHL_FRACORG= (0..15)
0 0 0 0 0 0 0 0 0 0 0 0 0 0 0 0
##$SHL_FRACSTART= (0..15)
0 0 0 0 0 0 0 0 0 0 0 0 0 0 0 0
##$SHL_FULLHALF= (0..15)
0 0 0 0 0 0 0 0 0 0 0 0 0 0 0 0
##$SHL_FUNCAMP= (0..15)
100 0 0 0 0 0 0 0 0 0 0 0 0 0 0 0
##$SHL_FUNCTION= (0..15)
<Rectangle> <> <> <> <> <> <> <> <> <> <> <> <> <> <> <>
##$SHL_GCO= (0..15)
<> <> <> <> <> <> <> <> <> <> <> <> <> <> <> <>
##$SHL_GCOCOEFFS0= (0..59)
0 0 0 0 0 0 0 0 0 0 0 0 0 0 0 0 0 0 0 0 0 0 0 0 0 0 0 0 0 0 0 0 0 0 0 0
0 0 0 0 0 0 0 0 0 0 0 0 0 0 0 0 0 0 0 0 0 0 0 0
##$SHL_GCOCOEFFS1= (0..59)
0 0 0 0 0 0 0 0 0 0 0 0 0 0 0 0 0 0 0 0 0 0 0 0 0 0 0 0 0 0 0 0 0 0 0 0
0 0 0 0 0 0 0 0 0 0 0 0 0 0 0 0 0 0 0 0 0 0 0 0
##$SHL_GCOCOEFFS10= (0..59)
0 0 0 0 0 0 0 0 0 0 0 0 0 0 0 0 0 0 0 0 0 0 0 0 0 0 0 0 0 0 0 0 0 0 0 0
0 0 0 0 0 0 0 0 0 0 0 0 0 0 0 0 0 0 0 0 0 0 0 0
##$SHL_GCOCOEFFS11= (0..59)
0 0 0 0 0 0 0 0 0 0 0 0 0 0 0 0 0 0 0 0 0 0 0 0 0 0 0 0 0 0 0 0 0 0 0 0
0 0 0 0 0 0 0 0 0 0 0 0 0 0 0 0 0 0 0 0 0 0 0 0
##$SHL_GCOCOEFFS12= (0..59)
0 0 0 0 0 0 0 0 0 0 0 0 0 0 0 0 0 0 0 0 0 0 0 0 0 0 0 0 0 0 0 0 0 0 0 0
0 0 0 0 0 0 0 0 0 0 0 0 0 0 0 0 0 0 0 0 0 0 0 0
##$SHL_GCOCOEFFS13= (0..59)
0 0 0 0 0 0 0 0 0 0 0 0 0 0 0 0 0 0 0 0 0 0 0 0 0 0 0 0 0 0 0 0 0 0 0 0
0 0 0 0 0 0 0 0 0 0 0 0 0 0 0 0 0 0 0 0 0 0 0 0
##$SHL_GCOCOEFFS14= (0..59)
0 0 0 0 0 0 0 0 0 0 0 0 0 0 0 0 0 0 0 0 0 0 0 0 0 0 0 0 0 0 0 0 0 0 0 0
0 0 0 0 0 0 0 0 0 0 0 0 0 0 0 0 0 0 0 0 0 0 0 0
##$SHL_GCOCOEFFS15= (0..59)
0 0 0 0 0 0 0 0 0 0 0 0 0 0 0 0 0 0 0 0 0 0 0 0 0 0 0 0 0 0 0 0 0 0 0 0
0 0 0 0 0 0 0 0 0 0 0 0 0 0 0 0 0 0 0 0 0 0 0 0
##$SHL_GCOCOEFFS2= (0..59)
0 0 0 0 0 0 0 0 0 0 0 0 0 0 0 0 0 0 0 0 0 0 0 0 0 0 0 0 0 0 0 0 0 0 0 0
0 0 0 0 0 0 0 0 0 0 0 0 0 0 0 0 0 0 0 0 0 0 0 0
##$SHL_GCOCOEFFS3= (0..59)
0 0 0 0 0 0 0 0 0 0 0 0 0 0 0 0 0 0 0 0 0 0 0 0 0 0 0 0 0 0 0 0 0 0 0 0
0 0 0 0 0 0 0 0 0 0 0 0 0 0 0 0 0 0 0 0 0 0 0 0
##$SHL_GCOCOEFFS4= (0..59)
0 0 0 0 0 0 0 0 0 0 0 0 0 0 0 0 0 0 0 0 0 0 0 0 0 0 0 0 0 0 0 0 0 0 0 0
0 0 0 0 0 0 0 0 0 0 0 0 0 0 0 0 0 0 0 0 0 0 0 0
##$SHL_GCOCOEFFS5= (0..59)
0 0 0 0 0 0 0 0 0 0 0 0 0 0 0 0 0 0 0 0 0 0 0 0 0 0 0 0 0 0 0 0 0 0 0 0
0 0 0 0 0 0 0 0 0 0 0 0 0 0 0 0 0 0 0 0 0 0 0 0
##$SHL_GCOCOEFFS6= (0..59)
0 0 0 0 0 0 0 0 0 0 0 0 0 0 0 0 0 0 0 0 0 0 0 0 0 0 0 0 0 0 0 0 0 0 0 0
0 0 0 0 0 0 0 0 0 0 0 0 0 0 0 0 0 0 0 0 0 0 0 0
##$SHL_GCOCOEFFS7= (0..59)
0 0 0 0 0 0 0 0 0 0 0 0 0 0 0 0 0 0 0 0 0 0 0 0 0 0 0 0 0 0 0 0 0 0 0 0
0 0 0 0 0 0 0 0 0 0 0 0 0 0 0 0 0 0 0 0 0 0 0 0
##$SHL_GCOCOEFFS8= (0..59)
0 0 0 0 0 0 0 0 0 0 0 0 0 0 0 0 0 0 0 0 0 0 0 0 0 0 0 0 0 0 0 0 0 0 0 0
0 0 0 0 0 0 0 0 0 0 0 0 0 0 0 0 0 0 0 0 0 0 0 0
##$SHL_GCOCOEFFS9= (0..59)
0 0 0 0 0 0 0 0 0 0 0 0 0 0 0 0 0 0 0 0 0 0 0 0 0 0 0 0 0 0 0 0 0 0 0 0
0 0 0 0 0 0 0 0 0 0 0 0 0 0 0 0 0 0 0 0 0 0 0 0
##$SHL_INTEGFAC= (0..15)
1 0 0 0 0 0 0 0 0 0 0 0 0 0 0 0
##$SHL_LB= (0..15)
0 0 0 0 0 0 0 0 0 0 0 0 0 0 0 0
##$SHL_LEFTLIMIT= (0..15)
0 0 0 0 0 0 0 0 0 0 0 0 0 0 0 0
##$SHL_LENGTH= (0..15)
50125 0 0 0 0 0 0 0 0 0 0 0 0 0 0 0
##$SHL_MAN= (0..15)
<> <> <> <> <> <> <> <> <> <> <> <> <> <> <> <>
##$SHL_MEANAMP= (0..15)
0 0 0 0 0 0 0 0 0 0 0 0 0 0 0 0
##$SHL_MODAMP= (0..15)
0 0 0 0 0 0 0 0 0 0 0 0 0 0 0 0
##$SHL_MODE= (0..15)
0 0 0 0 0 0 0 0 0 0 0 0 0 0 0 0
##$SHL_MODFREQ= (0..15)
0 0 0 0 0 0 0 0 0 0 0 0 0 0 0 0
##$SHL_MODPHASE= (0..15)
0 0 0 0 0 0 0 0 0 0 0 0 0 0 0 0
##$SHL_MODSCALE= (0..15)
0 0 0 0 0 0 0 0 0 0 0 0 0 0 0 0
##$SHL_MODSW= (0..15)
0 0 0 0 0 0 0 0 0 0 0 0 0 0 0 0
##$SHL_MODSWDIR= (0..15)
-1 -1 -1 -1 -1 -1 -1 -1 -1 -1 -1 -1 -1 -1 -1 -1
##$SHL_MU= (0..15)
0 0 0 0 0 0 0 0 0 0 0 0 0 0 0 0
##$SHL_NPOINTS= (0..15)
1000 0 0 0 0 0 0 0 0 0 0 0 0 0 0 0
##$SHL_OFFS= (0..15)
<> <> <> <> <> <> <> <> <> <> <> <> <> <> <> <>
##$SHL_OFFSCOEFF0= (0..95)
0 0 0 0 0 0 0 0 0 0 0 0 0 0 0 0 0 0 0 0 0 0 0 0 0 0 0 0 0 0 0 0 0 0 0 0
0 0 0 0 0 0 0 0 0 0 0 0 0 0 0 0 0 0 0 0 0 0 0 0 0 0 0 0 0 0 0 0 0 0 0 0
0 0 0 0 0 0 0 0 0 0 0 0 0 0 0 0 0 0 0 0 0 0 0 0
##$SHL_OFFSCOEFF1= (0..95)
0 0 0 0 0 0 0 0 0 0 0 0 0 0 0 0 0 0 0 0 0 0 0 0 0 0 0 0 0 0 0 0 0 0 0 0
0 0 0 0 0 0 0 0 0 0 0 0 0 0 0 0 0 0 0 0 0 0 0 0 0 0 0 0 0 0 0 0 0 0 0 0
0 0 0 0 0 0 0 0 0 0 0 0 0 0 0 0 0 0 0 0 0 0 0 0
##$SHL_OFFSCOEFF10= (0..95)
0 0 0 0 0 0 0 0 0 0 0 0 0 0 0 0 0 0 0 0 0 0 0 0 0 0 0 0 0 0 0 0 0 0 0 0
0 0 0 0 0 0 0 0 0 0 0 0 0 0 0 0 0 0 0 0 0 0 0 0 0 0 0 0 0 0 0 0 0 0 0 0
0 0 0 0 0 0 0 0 0 0 0 0 0 0 0 0 0 0 0 0 0 0 0 0
##$SHL_OFFSCOEFF11= (0..95)
0 0 0 0 0 0 0 0 0 0 0 0 0 0 0 0 0 0 0 0 0 0 0 0 0 0 0 0 0 0 0 0 0 0 0 0
0 0 0 0 0 0 0 0 0 0 0 0 0 0 0 0 0 0 0 0 0 0 0 0 0 0 0 0 0 0 0 0 0 0 0 0
0 0 0 0 0 0 0 0 0 0 0 0 0 0 0 0 0 0 0 0 0 0 0 0
##$SHL_OFFSCOEFF12= (0..95)
0 0 0 0 0 0 0 0 0 0 0 0 0 0 0 0 0 0 0 0 0 0 0 0 0 0 0 0 0 0 0 0 0 0 0 0
0 0 0 0 0 0 0 0 0 0 0 0 0 0 0 0 0 0 0 0 0 0 0 0 0 0 0 0 0 0 0 0 0 0 0 0
0 0 0 0 0 0 0 0 0 0 0 0 0 0 0 0 0 0 0 0 0 0 0 0
##$SHL_OFFSCOEFF13= (0..95)
0 0 0 0 0 0 0 0 0 0 0 0 0 0 0 0 0 0 0 0 0 0 0 0 0 0 0 0 0 0 0 0 0 0 0 0
0 0 0 0 0 0 0 0 0 0 0 0 0 0 0 0 0 0 0 0 0 0 0 0 0 0 0 0 0 0 0 0 0 0 0 0
0 0 0 0 0 0 0 0 0 0 0 0 0 0 0 0 0 0 0 0 0 0 0 0
##$SHL_OFFSCOEFF14= (0..95)
0 0 0 0 0 0 0 0 0 0 0 0 0 0 0 0 0 0 0 0 0 0 0 0 0 0 0 0 0 0 0 0 0 0 0 0
0 0 0 0 0 0 0 0 0 0 0 0 0 0 0 0 0 0 0 0 0 0 0 0 0 0 0 0 0 0 0 0 0 0 0 0
0 0 0 0 0 0 0 0 0 0 0 0 0 0 0 0 0 0 0 0 0 0 0 0
##$SHL_OFFSCOEFF15= (0..95)
0 0 0 0 0 0 0 0 0 0 0 0 0 0 0 0 0 0 0 0 0 0 0 0 0 0 0 0 0 0 0 0 0 0 0 0
0 0 0 0 0 0 0 0 0 0 0 0 0 0 0 0 0 0 0 0 0 0 0 0 0 0 0 0 0 0 0 0 0 0 0 0
0 0 0 0 0 0 0 0 0 0 0 0 0 0 0 0 0 0 0 0 0 0 0 0
##$SHL_OFFSCOEFF2= (0..95)
0 0 0 0 0 0 0 0 0 0 0 0 0 0 0 0 0 0 0 0 0 0 0 0 0 0 0 0 0 0 0 0 0 0 0 0
0 0 0 0 0 0 0 0 0 0 0 0 0 0 0 0 0 0 0 0 0 0 0 0 0 0 0 0 0 0 0 0 0 0 0 0
0 0 0 0 0 0 0 0 0 0 0 0 0 0 0 0 0 0 0 0 0 0 0 0
##$SHL_OFFSCOEFF3= (0..95)
0 0 0 0 0 0 0 0 0 0 0 0 0 0 0 0 0 0 0 0 0 0 0 0 0 0 0 0 0 0 0 0 0 0 0 0
0 0 0 0 0 0 0 0 0 0 0 0 0 0 0 0 0 0 0 0 0 0 0 0 0 0 0 0 0 0 0 0 0 0 0 0
0 0 0 0 0 0 0 0 0 0 0 0 0 0 0 0 0 0 0 0 0 0 0 0
##$SHL_OFFSCOEFF4= (0..95)
0 0 0 0 0 0 0 0 0 0 0 0 0 0 0 0 0 0 0 0 0 0 0 0 0 0 0 0 0 0 0 0 0 0 0 0
0 0 0 0 0 0 0 0 0 0 0 0 0 0 0 0 0 0 0 0 0 0 0 0 0 0 0 0 0 0 0 0 0 0 0 0
0 0 0 0 0 0 0 0 0 0 0 0 0 0 0 0 0 0 0 0 0 0 0 0
##$SHL_OFFSCOEFF5= (0..95)
0 0 0 0 0 0 0 0 0 0 0 0 0 0 0 0 0 0 0 0 0 0 0 0 0 0 0 0 0 0 0 0 0 0 0 0
0 0 0 0 0 0 0 0 0 0 0 0 0 0 0 0 0 0 0 0 0 0 0 0 0 0 0 0 0 0 0 0 0 0 0 0
0 0 0 0 0 0 0 0 0 0 0 0 0 0 0 0 0 0 0 0 0 0 0 0
##$SHL_OFFSCOEFF6= (0..95)
0 0 0 0 0 0 0 0 0 0 0 0 0 0 0 0 0 0 0 0 0 0 0 0 0 0 0 0 0 0 0 0 0 0 0 0
0 0 0 0 0 0 0 0 0 0 0 0 0 0 0 0 0 0 0 0 0 0 0 0 0 0 0 0 0 0 0 0 0 0 0 0
0 0 0 0 0 0 0 0 0 0 0 0 0 0 0 0 0 0 0 0 0 0 0 0
##$SHL_OFFSCOEFF7= (0..95)
0 0 0 0 0 0 0 0 0 0 0 0 0 0 0 0 0 0 0 0 0 0 0 0 0 0 0 0 0 0 0 0 0 0 0 0
0 0 0 0 0 0 0 0 0 0 0 0 0 0 0 0 0 0 0 0 0 0 0 0 0 0 0 0 0 0 0 0 0 0 0 0
0 0 0 0 0 0 0 0 0 0 0 0 0 0 0 0 0 0 0 0 0 0 0 0
##$SHL_OFFSCOEFF8= (0..95)
0 0 0 0 0 0 0 0 0 0 0 0 0 0 0 0 0 0 0 0 0 0 0 0 0 0 0 0 0 0 0 0 0 0 0 0
0 0 0 0 0 0 0 0 0 0 0 0 0 0 0 0 0 0 0 0 0 0 0 0 0 0 0 0 0 0 0 0 0 0 0 0
0 0 0 0 0 0 0 0 0 0 0 0 0 0 0 0 0 0 0 0 0 0 0 0
##$SHL_OFFSCOEFF9= (0..95)
0 0 0 0 0 0 0 0 0 0 0 0 0 0 0 0 0 0 0 0 0 0 0 0 0 0 0 0 0 0 0 0 0 0 0 0
0 0 0 0 0 0 0 0 0 0 0 0 0 0 0 0 0 0 0 0 0 0 0 0 0 0 0 0 0 0 0 0 0 0 0 0
0 0 0 0 0 0 0 0 0 0 0 0 0 0 0 0 0 0 0 0 0 0 0 0
##$SHL_PHASE= (0..15)
0 0 0 0 0 0 0 0 0 0 0 0 0 0 0 0
##$SHL_PHASEFAC= (0..15)
0 0 0 0 0 0 0 0 0 0 0 0 0 0 0 0
##$SHL_POWERINDEX= (0..15)
0 0 0 0 0 0 0 0 0 0 0 0 0 0 0 0
##$SHL_QUADCOEFF= (0..15)
0 0 0 0 0 0 0 0 0 0 0 0 0 0 0 0
##$SHL_RIGHTLIMIT= (0..15)
0 0 0 0 0 0 0 0 0 0 0 0 0 0 0 0
##$SHL_SCALEFACTOR= (0..15)
1 1 1 1 1 1 1 1 1 1 1 1 1 1 1 1
##$SHL_SF= (0..15)
<> <> <> <> <> <> <> <> <> <> <> <> <> <> <> <>
##$SHL_SFCOEFFS0= (0..200)
0 0 0 0 0 0 0 0 0 0 0 0 0 0 0 0 0 0 0 0 0 0 0 0 0 0 0 0 0 0 0 0 0 0 0 0
0 0 0 0 0 0 0 0 0 0 0 0 0 0 0 0 0 0 0 0 0 0 0 0 0 0 0 0 0 0 0 0 0 0 0 0
0 0 0 0 0 0 0 0 0 0 0 0 0 0 0 0 0 0 0 0 0 0 0 0 0 0 0 0 0 0 0 0 0 0 0 0
0 0 0 0 0 0 0 0 0 0 0 0 0 0 0 0 0 0 0 0 0 0 0 0 0 0 0 0 0 0 0 0 0 0 0 0
0 0 0 0 0 0 0 0 0 0 0 0 0 0 0 0 0 0 0 0 0 0 0 0 0 0 0 0 0 0 0 0 0 0 0 0
0 0 0 0 0 0 0 0 0 0 0 0 0 0 0 0 0 0 0 0 0
##$SHL_SFCOEFFS1= (0..200)
0 0 0 0 0 0 0 0 0 0 0 0 0 0 0 0 0 0 0 0 0 0 0 0 0 0 0 0 0 0 0 0 0 0 0 0
0 0 0 0 0 0 0 0 0 0 0 0 0 0 0 0 0 0 0 0 0 0 0 0 0 0 0 0 0 0 0 0 0 0 0 0
0 0 0 0 0 0 0 0 0 0 0 0 0 0 0 0 0 0 0 0 0 0 0 0 0 0 0 0 0 0 0 0 0 0 0 0
0 0 0 0 0 0 0 0 0 0 0 0 0 0 0 0 0 0 0 0 0 0 0 0 0 0 0 0 0 0 0 0 0 0 0 0
0 0 0 0 0 0 0 0 0 0 0 0 0 0 0 0 0 0 0 0 0 0 0 0 0 0 0 0 0 0 0 0 0 0 0 0
0 0 0 0 0 0 0 0 0 0 0 0 0 0 0 0 0 0 0 0 0
##$SHL_SFCOEFFS10= (0..200)
0 0 0 0 0 0 0 0 0 0 0 0 0 0 0 0 0 0 0 0 0 0 0 0 0 0 0 0 0 0 0 0 0 0 0 0
0 0 0 0 0 0 0 0 0 0 0 0 0 0 0 0 0 0 0 0 0 0 0 0 0 0 0 0 0 0 0 0 0 0 0 0
0 0 0 0 0 0 0 0 0 0 0 0 0 0 0 0 0 0 0 0 0 0 0 0 0 0 0 0 0 0 0 0 0 0 0 0
0 0 0 0 0 0 0 0 0 0 0 0 0 0 0 0 0 0 0 0 0 0 0 0 0 0 0 0 0 0 0 0 0 0 0 0
0 0 0 0 0 0 0 0 0 0 0 0 0 0 0 0 0 0 0 0 0 0 0 0 0 0 0 0 0 0 0 0 0 0 0 0
0 0 0 0 0 0 0 0 0 0 0 0 0 0 0 0 0 0 0 0 0
##$SHL_SFCOEFFS11= (0..200)
0 0 0 0 0 0 0 0 0 0 0 0 0 0 0 0 0 0 0 0 0 0 0 0 0 0 0 0 0 0 0 0 0 0 0 0
0 0 0 0 0 0 0 0 0 0 0 0 0 0 0 0 0 0 0 0 0 0 0 0 0 0 0 0 0 0 0 0 0 0 0 0
0 0 0 0 0 0 0 0 0 0 0 0 0 0 0 0 0 0 0 0 0 0 0 0 0 0 0 0 0 0 0 0 0 0 0 0
0 0 0 0 0 0 0 0 0 0 0 0 0 0 0 0 0 0 0 0 0 0 0 0 0 0 0 0 0 0 0 0 0 0 0 0
0 0 0 0 0 0 0 0 0 0 0 0 0 0 0 0 0 0 0 0 0 0 0 0 0 0 0 0 0 0 0 0 0 0 0 0
0 0 0 0 0 0 0 0 0 0 0 0 0 0 0 0 0 0 0 0 0
##$SHL_SFCOEFFS12= (0..200)
0 0 0 0 0 0 0 0 0 0 0 0 0 0 0 0 0 0 0 0 0 0 0 0 0 0 0 0 0 0 0 0 0 0 0 0
0 0 0 0 0 0 0 0 0 0 0 0 0 0 0 0 0 0 0 0 0 0 0 0 0 0 0 0 0 0 0 0 0 0 0 0
0 0 0 0 0 0 0 0 0 0 0 0 0 0 0 0 0 0 0 0 0 0 0 0 0 0 0 0 0 0 0 0 0 0 0 0
0 0 0 0 0 0 0 0 0 0 0 0 0 0 0 0 0 0 0 0 0 0 0 0 0 0 0 0 0 0 0 0 0 0 0 0
0 0 0 0 0 0 0 0 0 0 0 0 0 0 0 0 0 0 0 0 0 0 0 0 0 0 0 0 0 0 0 0 0 0 0 0
0 0 0 0 0 0 0 0 0 0 0 0 0 0 0 0 0 0 0 0 0
##$SHL_SFCOEFFS13= (0..200)
0 0 0 0 0 0 0 0 0 0 0 0 0 0 0 0 0 0 0 0 0 0 0 0 0 0 0 0 0 0 0 0 0 0 0 0
0 0 0 0 0 0 0 0 0 0 0 0 0 0 0 0 0 0 0 0 0 0 0 0 0 0 0 0 0 0 0 0 0 0 0 0
0 0 0 0 0 0 0 0 0 0 0 0 0 0 0 0 0 0 0 0 0 0 0 0 0 0 0 0 0 0 0 0 0 0 0 0
0 0 0 0 0 0 0 0 0 0 0 0 0 0 0 0 0 0 0 0 0 0 0 0 0 0 0 0 0 0 0 0 0 0 0 0
0 0 0 0 0 0 0 0 0 0 0 0 0 0 0 0 0 0 0 0 0 0 0 0 0 0 0 0 0 0 0 0 0 0 0 0
0 0 0 0 0 0 0 0 0 0 0 0 0 0 0 0 0 0 0 0 0
##$SHL_SFCOEFFS14= (0..200)
0 0 0 0 0 0 0 0 0 0 0 0 0 0 0 0 0 0 0 0 0 0 0 0 0 0 0 0 0 0 0 0 0 0 0 0
0 0 0 0 0 0 0 0 0 0 0 0 0 0 0 0 0 0 0 0 0 0 0 0 0 0 0 0 0 0 0 0 0 0 0 0
0 0 0 0 0 0 0 0 0 0 0 0 0 0 0 0 0 0 0 0 0 0 0 0 0 0 0 0 0 0 0 0 0 0 0 0
0 0 0 0 0 0 0 0 0 0 0 0 0 0 0 0 0 0 0 0 0 0 0 0 0 0 0 0 0 0 0 0 0 0 0 0
0 0 0 0 0 0 0 0 0 0 0 0 0 0 0 0 0 0 0 0 0 0 0 0 0 0 0 0 0 0 0 0 0 0 0 0
0 0 0 0 0 0 0 0 0 0 0 0 0 0 0 0 0 0 0 0 0
##$SHL_SFCOEFFS15= (0..200)
0 0 0 0 0 0 0 0 0 0 0 0 0 0 0 0 0 0 0 0 0 0 0 0 0 0 0 0 0 0 0 0 0 0 0 0
0 0 0 0 0 0 0 0 0 0 0 0 0 0 0 0 0 0 0 0 0 0 0 0 0 0 0 0 0 0 0 0 0 0 0 0
0 0 0 0 0 0 0 0 0 0 0 0 0 0 0 0 0 0 0 0 0 0 0 0 0 0 0 0 0 0 0 0 0 0 0 0
0 0 0 0 0 0 0 0 0 0 0 0 0 0 0 0 0 0 0 0 0 0 0 0 0 0 0 0 0 0 0 0 0 0 0 0
0 0 0 0 0 0 0 0 0 0 0 0 0 0 0 0 0 0 0 0 0 0 0 0 0 0 0 0 0 0 0 0 0 0 0 0
0 0 0 0 0 0 0 0 0 0 0 0 0 0 0 0 0 0 0 0 0
##$SHL_SFCOEFFS2= (0..200)
0 0 0 0 0 0 0 0 0 0 0 0 0 0 0 0 0 0 0 0 0 0 0 0 0 0 0 0 0 0 0 0 0 0 0 0
0 0 0 0 0 0 0 0 0 0 0 0 0 0 0 0 0 0 0 0 0 0 0 0 0 0 0 0 0 0 0 0 0 0 0 0
0 0 0 0 0 0 0 0 0 0 0 0 0 0 0 0 0 0 0 0 0 0 0 0 0 0 0 0 0 0 0 0 0 0 0 0
0 0 0 0 0 0 0 0 0 0 0 0 0 0 0 0 0 0 0 0 0 0 0 0 0 0 0 0 0 0 0 0 0 0 0 0
0 0 0 0 0 0 0 0 0 0 0 0 0 0 0 0 0 0 0 0 0 0 0 0 0 0 0 0 0 0 0 0 0 0 0 0
0 0 0 0 0 0 0 0 0 0 0 0 0 0 0 0 0 0 0 0 0
##$SHL_SFCOEFFS3= (0..200)
0 0 0 0 0 0 0 0 0 0 0 0 0 0 0 0 0 0 0 0 0 0 0 0 0 0 0 0 0 0 0 0 0 0 0 0
0 0 0 0 0 0 0 0 0 0 0 0 0 0 0 0 0 0 0 0 0 0 0 0 0 0 0 0 0 0 0 0 0 0 0 0
0 0 0 0 0 0 0 0 0 0 0 0 0 0 0 0 0 0 0 0 0 0 0 0 0 0 0 0 0 0 0 0 0 0 0 0
0 0 0 0 0 0 0 0 0 0 0 0 0 0 0 0 0 0 0 0 0 0 0 0 0 0 0 0 0 0 0 0 0 0 0 0
0 0 0 0 0 0 0 0 0 0 0 0 0 0 0 0 0 0 0 0 0 0 0 0 0 0 0 0 0 0 0 0 0 0 0 0
0 0 0 0 0 0 0 0 0 0 0 0 0 0 0 0 0 0 0 0 0
##$SHL_SFCOEFFS4= (0..200)
0 0 0 0 0 0 0 0 0 0 0 0 0 0 0 0 0 0 0 0 0 0 0 0 0 0 0 0 0 0 0 0 0 0 0 0
0 0 0 0 0 0 0 0 0 0 0 0 0 0 0 0 0 0 0 0 0 0 0 0 0 0 0 0 0 0 0 0 0 0 0 0
0 0 0 0 0 0 0 0 0 0 0 0 0 0 0 0 0 0 0 0 0 0 0 0 0 0 0 0 0 0 0 0 0 0 0 0
0 0 0 0 0 0 0 0 0 0 0 0 0 0 0 0 0 0 0 0 0 0 0 0 0 0 0 0 0 0 0 0 0 0 0 0
0 0 0 0 0 0 0 0 0 0 0 0 0 0 0 0 0 0 0 0 0 0 0 0 0 0 0 0 0 0 0 0 0 0 0 0
0 0 0 0 0 0 0 0 0 0 0 0 0 0 0 0 0 0 0 0 0
##$SHL_SFCOEFFS5= (0..200)
0 0 0 0 0 0 0 0 0 0 0 0 0 0 0 0 0 0 0 0 0 0 0 0 0 0 0 0 0 0 0 0 0 0 0 0
0 0 0 0 0 0 0 0 0 0 0 0 0 0 0 0 0 0 0 0 0 0 0 0 0 0 0 0 0 0 0 0 0 0 0 0
0 0 0 0 0 0 0 0 0 0 0 0 0 0 0 0 0 0 0 0 0 0 0 0 0 0 0 0 0 0 0 0 0 0 0 0
0 0 0 0 0 0 0 0 0 0 0 0 0 0 0 0 0 0 0 0 0 0 0 0 0 0 0 0 0 0 0 0 0 0 0 0
0 0 0 0 0 0 0 0 0 0 0 0 0 0 0 0 0 0 0 0 0 0 0 0 0 0 0 0 0 0 0 0 0 0 0 0
0 0 0 0 0 0 0 0 0 0 0 0 0 0 0 0 0 0 0 0 0
##$SHL_SFCOEFFS6= (0..200)
0 0 0 0 0 0 0 0 0 0 0 0 0 0 0 0 0 0 0 0 0 0 0 0 0 0 0 0 0 0 0 0 0 0 0 0
0 0 0 0 0 0 0 0 0 0 0 0 0 0 0 0 0 0 0 0 0 0 0 0 0 0 0 0 0 0 0 0 0 0 0 0
0 0 0 0 0 0 0 0 0 0 0 0 0 0 0 0 0 0 0 0 0 0 0 0 0 0 0 0 0 0 0 0 0 0 0 0
0 0 0 0 0 0 0 0 0 0 0 0 0 0 0 0 0 0 0 0 0 0 0 0 0 0 0 0 0 0 0 0 0 0 0 0
0 0 0 0 0 0 0 0 0 0 0 0 0 0 0 0 0 0 0 0 0 0 0 0 0 0 0 0 0 0 0 0 0 0 0 0
0 0 0 0 0 0 0 0 0 0 0 0 0 0 0 0 0 0 0 0 0
##$SHL_SFCOEFFS7= (0..200)
0 0 0 0 0 0 0 0 0 0 0 0 0 0 0 0 0 0 0 0 0 0 0 0 0 0 0 0 0 0 0 0 0 0 0 0
0 0 0 0 0 0 0 0 0 0 0 0 0 0 0 0 0 0 0 0 0 0 0 0 0 0 0 0 0 0 0 0 0 0 0 0
0 0 0 0 0 0 0 0 0 0 0 0 0 0 0 0 0 0 0 0 0 0 0 0 0 0 0 0 0 0 0 0 0 0 0 0
0 0 0 0 0 0 0 0 0 0 0 0 0 0 0 0 0 0 0 0 0 0 0 0 0 0 0 0 0 0 0 0 0 0 0 0
0 0 0 0 0 0 0 0 0 0 0 0 0 0 0 0 0 0 0 0 0 0 0 0 0 0 0 0 0 0 0 0 0 0 0 0
0 0 0 0 0 0 0 0 0 0 0 0 0 0 0 0 0 0 0 0 0
##$SHL_SFCOEFFS8= (0..200)
0 0 0 0 0 0 0 0 0 0 0 0 0 0 0 0 0 0 0 0 0 0 0 0 0 0 0 0 0 0 0 0 0 0 0 0
0 0 0 0 0 0 0 0 0 0 0 0 0 0 0 0 0 0 0 0 0 0 0 0 0 0 0 0 0 0 0 0 0 0 0 0
0 0 0 0 0 0 0 0 0 0 0 0 0 0 0 0 0 0 0 0 0 0 0 0 0 0 0 0 0 0 0 0 0 0 0 0
0 0 0 0 0 0 0 0 0 0 0 0 0 0 0 0 0 0 0 0 0 0 0 0 0 0 0 0 0 0 0 0 0 0 0 0
0 0 0 0 0 0 0 0 0 0 0 0 0 0 0 0 0 0 0 0 0 0 0 0 0 0 0 0 0 0 0 0 0 0 0 0
0 0 0 0 0 0 0 0 0 0 0 0 0 0 0 0 0 0 0 0 0
##$SHL_SFCOEFFS9= (0..200)
0 0 0 0 0 0 0 0 0 0 0 0 0 0 0 0 0 0 0 0 0 0 0 0 0 0 0 0 0 0 0 0 0 0 0 0
0 0 0 0 0 0 0 0 0 0 0 0 0 0 0 0 0 0 0 0 0 0 0 0 0 0 0 0 0 0 0 0 0 0 0 0
0 0 0 0 0 0 0 0 0 0 0 0 0 0 0 0 0 0 0 0 0 0 0 0 0 0 0 0 0 0 0 0 0 0 0 0
0 0 0 0 0 0 0 0 0 0 0 0 0 0 0 0 0 0 0 0 0 0 0 0 0 0 0 0 0 0 0 0 0 0 0 0
0 0 0 0 0 0 0 0 0 0 0 0 0 0 0 0 0 0 0 0 0 0 0 0 0 0 0 0 0 0 0 0 0 0 0 0
0 0 0 0 0 0 0 0 0 0 0 0 0 0 0 0 0 0 0 0 0
##$SHL_SMOOTHED= (0..15)
0 0 0 0 0 0 0 0 0 0 0 0 0 0 0 0
##$SHL_SMOOTHING= (0..15)
0 0 0 0 0 0 0 0 0 0 0 0 0 0 0 0
##$SHL_SPOAL= (0..15)
0 0 0 0 0 0 0 0 0 0 0 0 0 0 0 0
##$SHL_SPOFFS= (0..15)
0 0 0 0 0 0 0 0 0 0 0 0 0 0 0 0
##$SHL_SPOPH= (0..15)
0 0 0 0 0 0 0 0 0 0 0 0 0 0 0 0
##$SHL_STARTAMP= (0..15)
0 0 0 0 0 0 0 0 0 0 0 0 0 0 0 0
##$SHL_SW= (0..15)
0 0 0 0 0 0 0 0 0 0 0 0 0 0 0 0
##$SHL_SWDIR= (0..15)
-1 -1 -1 -1 -1 -1 -1 -1 -1 -1 -1 -1 -1 -1 -1 -1
##$SHL_TANKAPPA= (0..15)
0 0 0 0 0 0 0 0 0 0 0 0 0 0 0 0
##$SHL_TOTROT= (0..15)
90 0 0 0 0 0 0 0 0 0 0 0 0 0 0 0
##$SHL_TRUNCLEV= (0..15)
0 0 0 0 0 0 0 0 0 0 0 0 0 0 0 0
##$SHL_TYPE= (0..15)
<Excitation> <> <> <> <> <> <> <> <> <> <> <> <> <> <> <>
##$SHL_WINDOWSIZE= (0..15)
0 0 0 0 0 0 0 0 0 0 0 0 0 0 0 0
##$SHL_ZETA= (0..15)
0 0 0 0 0 0 0 0 0 0 0 0 0 0 0 0
##NPOINTS= 1000
##XYPOINTS= (XY..XY)
99.212351, 7.195973
93.658109, 20.514900
83.065590, 33.833827
68.004611, 47.152754
49.285369, 60.471681
27.914852, 73.790608
5.042674, 87.109535
18.100771, 280.428461
40.270497, 293.747388
60.273898, 307.066315
77.034904, 320.385242
89.651867, 333.704169
97.446067, 347.023096
99.998218, 0.342023
97.171031, 13.660950
89.116591, 26.979877
76.268183, 40.298804
59.316977, 53.617731
39.174853, 66.936658
16.925343, 80.255585
6.234655, 273.574512
29.059263, 286.893439
50.320647, 300.212366
68.875065, 313.531293
83.724394, 326.850220
94.069823, 340.169147
99.354827, 353.488074
99.295103, 6.807001
93.893864, 20.125928
83.441665, 33.444855
68.500777, 46.763782
49.874933, 60.082709
28.566100, 73.401636
5.720573, 86.720563
17.432690, 280.039490
39.648172, 293.358417
59.730806, 306.677344
76.600261, 319.996271
89.349054, 333.315198
97.291373, 346.634125
99.999966, 359.953052
97.329126, 13.271979
89.422530, 26.590906
76.705506, 39.909833
59.862159, 53.228760
39.798567, 66.547687
17.594037, 79.866614
5.556954, 273.185541
28.409011, 286.504468
49.732824, 299.823395
68.381292, 313.142322
83.351234, 326.461249
93.837349, 339.780176
99.275546, 353.099103
99.373279, 6.418030
94.125292, 19.736957
83.813895, 33.055884
68.993785, 46.374811
50.462199, 59.693738
29.216032, 73.012665
6.398207, 86.331592
16.763805, 279.650519
39.024019, 292.969445
59.184961, 306.288372
76.162087, 319.607299
89.042123, 332.926226
97.132196, 346.245153
99.997106, 359.564080
97.482736, 12.883007
89.724346, 26.201934
77.139294, 39.520861
60.404583, 52.839788
40.420447, 66.158715
18.261919, 79.477642
4.878996, 272.796569
27.757450, 286.115496
49.142709, 299.434423
67.884368, 312.753350
82.974232, 326.072277
93.600551, 339.391204
99.191689, 352.710131
99.446875, 6.029058
94.352382, 19.347985
84.182263, 32.666912
69.483614, 45.985839
51.047139, 59.304766
29.864617, 72.623693
7.075547, 85.942620
16.094148, 279.261547
38.398068, 292.580474
58.636389, 305.899401
75.720404, 319.218328
88.731088, 332.537255
96.968542, 345.856182
99.989636, 359.175109
97.631853, 12.494036
90.022028, 25.812963
77.569526, 39.131890
60.944223, 52.450817
41.040464, 65.769744
18.928960, 79.088671
4.200814, 272.407598
27.104609, 285.726525
48.550329, 299.045452
67.384315, 312.364379
82.593406, 325.683306
93.359439, 339.002233
99.103261, 352.321160
99.515888, 5.640087
94.575123, 18.959014
84.546750, 32.277941
69.970240, 45.596868
51.629726, 58.915795
30.511825, 72.234722
7.752560, 85.553649
15.423748, 278.872576
37.770347, 292.191502
58.085114, 305.510429
75.275230, 318.829356
88.415964, 332.148283
96.800419, 345.467210
99.977559, 358.786137
97.776470, 12.105064
90.315561, 25.423991
77.996184, 38.742918
61.481053, 52.061845
41.658590, 65.380772
19.595129, 78.699699
3.522439, 272.018626
26.450519, 285.337553
47.955711, 298.656480
66.881157, 311.975407
82.208774, 325.294334
93.114024, 338.613261
99.010266, 351.932188
99.580315, 5.251115
94.793505, 18.570042
84.907341, 31.888969
70.453642, 45.207896
52.209934, 58.526823
31.157628, 71.845750
8.429217, 85.164677
14.752638, 278.483604
37.140885, 291.802531
57.531162, 305.121458
74.826587, 318.440385
88.096765, 331.759312
96.627835, 345.078239
99.960873, 358.397166
97.916581, 11.716093
90.604931, 25.035020
78.419247, 38.353947
62.015051, 51.672874
42.274795, 64.991801
20.260395, 78.310728
2.843901, 271.629655
25.795210, 284.948582
47.358883, 298.267509
66.374916, 311.586436
81.820353, 324.905363
92.864318, 338.224290
98.912707, 351.543217
99.640152, 4.862144
95.007519, 18.181071
85.264019, 31.499998
70.933796, 44.818925
52.787736, 58.137852
31.801994, 71.456779
9.105485, 84.775706
14.080849, 278.094633
36.509712, 291.413560
56.974558, 304.732486
74.374496, 318.051413
87.773506, 331.370340
96.450797, 344.689267
99.939581, 358.008194
98.052180, 11.327121
90.890125, 24.646048
78.838696, 37.964975
62.546190, 51.283902
42.889053, 64.602829
20.924726, 77.921756
2.165232, 271.240683
25.138712, 284.559610
46.759873, 297.878537
65.865616, 311.197464
81.428161, 324.516391
92.610332, 337.835318
98.810590, 351.154245
99.695396, 4.473172
95.217154, 17.792099
85.616767, 31.111026
71.410681, 44.429953
53.363105, 57.748880
32.444895, 71.067807
9.781333, 84.386734
13.408410, 277.705661
35.876856, 291.024588
56.415329, 304.343515
73.918977, 317.662442
87.446201, 330.981369
96.269314, 344.300296
99.913682, 357.619223
98.183259, 10.938150
91.171131, 24.257077
79.254511, 37.576004
63.074446, 50.894931
43.501333, 64.213858
21.588094, 77.532785
1.486463, 270.851712
24.481056, 284.170639
46.158707, 297.489566
65.353280, 310.808493
81.032216, 324.127420
92.352077, 337.446347
98.703918, 350.765274
99.746046, 4.084201
95.422400, 17.403128
85.965569, 30.722055
71.884275, 44.040982
53.936014, 57.359909
33.086300, 70.678836
10.456730, 83.997763
12.735353, 277.316690
35.242346, 290.635617
55.853500, 303.954544
73.460051, 317.273470
87.114867, 330.592397
96.083395, 343.911324
99.883179, 357.230251
98.309813, 10.549178
91.447934, 23.868105
79.666674, 37.187032
63.599796, 50.505959
44.111609, 63.824886
22.250466, 77.143813
0.807625, 270.462740
23.822272, 283.781667
45.555414, 297.100594
64.837933, 310.419521
80.632537, 323.738448
92.089566, 337.057375
98.592698, 350.376302
99.792099, 3.695229
95.623249, 17.014156
86.310409, 30.333083
72.354556, 43.652010
54.506437, 56.970937
33.726180, 70.289864
11.131645, 83.608791
12.061709, 276.927718
34.606212, 290.246645
55.289096, 303.565572
72.997739, 316.884499
86.779517, 330.203426
95.893047, 343.522353
99.848072, 356.841280
98.431836, 10.160207
91.720523, 23.479134
80.075164, 36.798061
64.122214, 50.116988
44.719852, 63.435915
22.911813, 76.754842
0.128751, 270.073769
23.162389, 283.392696
44.950021, 296.711623
64.319597, 310.030550
80.229141, 323.349477
91.822811, 336.668404
98.476933, 349.987331
99.833552, 3.306258
95.819691, 16.625185
86.651271, 29.944112
72.821503, 43.263039
55.074349, 56.581966
34.364506, 69.900893
11.806048, 83.219820
11.387510, 276.538747
33.968483, 289.857674
54.722145, 303.176601
72.532064, 316.495528
86.440168, 329.814454
95.698279, 343.133381
99.808364, 356.452308
98.549323, 9.771235
91.988885, 23.090162
80.479965, 36.409089
64.641677, 49.728016
45.326033, 63.046943
23.572104, 76.365870
0.550130, 89.684797
22.501439, 283.003724
44.342557, 296.322651
63.798297, 309.641578
79.822048, 322.960505
91.551825, 336.279432
98.356630, 349.598359
99.870405, 2.917286
96.011716, 16.236213
86.988140, 29.555140
73.285093, 42.874067
55.639722, 56.192994
35.001249, 69.511921
12.479906, 82.830848
10.712785, 276.149775
33.329189, 289.468702
54.152671, 302.787629
72.063045, 316.106556
86.096834, 329.425483
95.499101, 342.744410
99.764055, 356.063337
98.662267, 9.382264
92.253007, 22.701191
80.881056, 36.020118
65.158161, 49.339045
45.930126, 62.657972
24.231309, 75.976899
1.228985, 89.295826
21.839452, 282.614753
43.733049, 295.933680
63.274056, 309.252607
79.411276, 322.571534
91.276618, 335.890461
98.231794, 349.209388
99.902654, 2.528315
96.199317, 15.847242
87.320999, 29.166169
73.745305, 42.485096
56.202531, 55.804023
35.636378, 69.122950
13.153189, 82.441877
10.037567, 275.760804
32.688359, 289.079731
53.580701, 302.398658
71.590705, 315.717585
85.749533, 329.036512
95.295521, 342.355438
99.715149, 355.674365
98.770665, 8.993292
92.512877, 22.312219
81.278419, 35.631146
65.671642, 48.950073
46.532102, 62.269000
24.889397, 75.587927
1.907783, 88.906854
21.176458, 282.225781
43.121526, 295.544708
62.746899, 308.863635
78.996844, 322.182562
90.997205, 335.501489
98.102430, 348.820416
99.930300, 2.139343
96.382483, 15.458270
87.649834, 28.777197
74.202119, 42.096124
56.762749, 55.415051
36.269865, 68.733978
13.825866, 82.052905
9.361886, 275.371832
32.046022, 288.690759
53.006262, 302.009686
71.115065, 315.328613
85.398280, 328.647540
95.087550, 341.966467
99.661647, 355.285394
98.874510, 8.604321
92.768484, 21.923248
81.672037, 35.242175
66.182096, 48.561102
47.131933, 61.880029
25.546338, 75.198956
2.586494, 88.517883
20.512489, 281.836810
42.508015, 295.155737
62.216851, 308.474664
78.578771, 321.793591
90.713598, 335.112518
97.968546, 348.431445
99.953339, 1.750372
96.561208, 15.069299
87.974630, 28.388226
74.655513, 41.707153
57.320352, 55.026080
36.901680, 68.345007
14.497906, 81.663934
8.685774, 274.982861
31.402208, 288.301788
52.429380, 301.620715
70.636148, 314.939642
85.043091, 328.258569
94.875196, 341.577495
99.603551, 354.896422
98.973799, 8.215349
93.019815, 21.534276
82.061890, 34.853203
66.689500, 48.172130
47.729592, 61.491057
26.202101, 74.809984
3.265085, 88.128911
19.847574, 281.447838
41.892545, 294.766765
61.683935, 308.085692
78.157077, 321.404619
90.425810, 334.723546
97.830146, 348.042473
99.971772, 1.361400
96.735482, 14.680327
88.295370, 27.999254
75.105466, 41.318181
57.875313, 54.637108
37.531794, 67.956035
15.169277, 81.274962
8.009261, 274.593889
30.756947, 287.912816
51.850082, 301.231743
70.153976, 314.550670
84.683983, 327.869597
94.658469, 341.188524
99.540865, 354.507451
99.068525, 7.826378
93.266859, 21.145305
82.447962, 34.464232
67.193831, 47.783159
48.325051, 61.102086
26.856657, 74.421013
3.943526, 87.739940
19.181744, 281.058867
41.275144, 294.377794
61.148176, 307.696721
77.731780, 321.015648
90.133855, 334.334575
97.687237, 347.653502
99.985598, 0.972429
96.905299, 14.291356
88.612042, 27.610283
75.551958, 40.929210
58.427606, 54.248137
38.160179, 67.567064
15.839949, 80.885991
7.332379, 274.204918
30.110268, 287.523845
51.268394, 300.842772
69.668570, 314.161699
84.320971, 327.480626
94.437380, 340.799553
99.473592, 354.118479
99.158686, 7.437406
93.509604, 20.756333
82.830233, 34.075260
67.695064, 47.394187
48.918283, 60.713114
27.509975, 74.032041
4.621785, 87.350968
18.515030, 280.669895
40.655841, 293.988822
60.609598, 307.307749
77.302901, 320.626676
89.837745, 333.945603
97.539826, 347.264530
99.994815, 0.583457
97.070648, 13.902384
88.924629, 27.221311
75.994968, 40.540238
58.977206, 53.859165
38.786805, 67.178092
16.509892, 80.497019
6.655160, 273.815946
29.462201, 287.134873
50.684343, 300.453800
69.179954, 313.772727
83.954073, 327.091654
94.211939, 340.410581
99.401734, 353.729508
99.244277, 7.048435
93.748040, 20.367362
83.208687, 33.686289
68.193178, 47.005216
49.509261, 60.324143
28.162025, 73.643070
5.299832, 86.961997
17.847463, 280.280924
40.034665, 293.599851
60.068228, 306.918778
76.870460, 320.237705
89.537495, 333.556632
97.387919, 346.875559
99.999424, 0.194486
97.231525, 13.513413
89.233119, 26.832340
76.434475, 40.151267
59.524089, 53.470194
39.411643, 66.789121
17.179073, 80.108048
5.977633, 273.426975
28.812777, 286.745902
50.097956, 300.064829
68.688149, 313.383756
83.583307, 326.702683
93.982155, 340.021610
99.325294, 353.340537
99.325294, 6.659463
93.982155, 19.978390
83.583307, 33.297317
68.688149, 46.616244
50.097956, 59.935171
28.812777, 73.254098
5.977633, 86.573025
17.179073, 279.891952
39.411643, 293.210879
59.524089, 306.529806
76.434475, 319.848733
89.233119, 333.167660
97.231525, 346.486587
99.999424, 359.805514
97.387919, 13.124441
89.537495, 26.443368
76.870460, 39.762295
60.068228, 53.081222
40.034665, 66.400149
17.847463, 79.719076
5.299832, 273.038003
28.162025, 286.356930
49.509261, 299.675857
68.193178, 312.994784
83.208687, 326.313711
93.748040, 339.632638
99.244277, 352.951565
99.401734, 6.270492
94.211939, 19.589419
83.954073, 32.908346
69.179954, 46.227273
50.684343, 59.546200
29.462201, 72.865127
6.655160, 86.184054
16.509892, 279.502981
38.786805, 292.821908
58.977206, 306.140835
75.994968, 319.459762
88.924629, 332.778689
97.070648, 346.097616
99.994815, 359.416543
97.539826, 12.735470
89.837745, 26.054397
77.302901, 39.373324
60.609598, 52.692251
40.655841, 66.011178
18.515030, 79.330105
4.621785, 272.649032
27.509975, 285.967959
48.918283, 299.286886
67.695064, 312.605813
82.830233, 325.924740
93.509604, 339.243667
99.158686, 352.562594
99.473592, 5.881521
94.437380, 19.200447
84.320971, 32.519374
69.668570, 45.838301
51.268394, 59.157228
30.110268, 72.476155
7.332379, 85.795082
15.839949, 279.114009
38.160179, 292.432936
58.427606, 305.751863
75.551958, 319.070790
88.612042, 332.389717
96.905299, 345.708644
99.985598, 359.027571
97.687237, 12.346498
90.133855, 25.665425
77.731780, 38.984352
61.148176, 52.303279
41.275144, 65.622206
19.181744, 78.941133
3.943526, 272.260060
26.856657, 285.578987
48.325051, 298.897914
67.193831, 312.216841
82.447962, 325.535768
93.266859, 338.854695
99.068525, 352.173622
99.540865, 5.492549
94.658469, 18.811476
84.683983, 32.130403
70.153976, 45.449330
51.850082, 58.768257
30.756947, 72.087184
8.009261, 85.406111
15.169277, 278.725038
37.531794, 292.043965
57.875313, 305.362892
75.105466, 318.681819
88.295370, 332.000746
96.735482, 345.319673
99.971772, 358.638600
97.830146, 11.957527
90.425810, 25.276454
78.157077, 38.595381
61.683935, 51.914308
41.892545, 65.233235
19.847574, 78.552162
3.265085, 271.871089
26.202101, 285.190016
47.729592, 298.508943
66.689500, 311.827870
82.061890, 325.146797
93.019815, 338.465724
98.973799, 351.784651
99.603551, 5.103578
94.875196, 18.422505
85.043091, 31.741431
70.636148, 45.060358
52.429380, 58.379285
31.402208, 71.698212
8.685774, 85.017139
14.497906, 278.336066
36.901680, 291.654993
57.320352, 304.973920
74.655513, 318.292847
87.974630, 331.611774
96.561208, 344.930701
99.953339, 358.249628
97.968546, 11.568555
90.713598, 24.887482
78.578771, 38.206409
62.216851, 51.525336
42.508015, 64.844263
20.512489, 78.163190
2.586494, 271.482117
25.546338, 284.801044
47.131933, 298.119971
66.182096, 311.438898
81.672037, 324.757825
92.768484, 338.076752
98.874510, 351.395679
99.661647, 4.714606
95.087550, 18.033533
85.398280, 31.352460
71.115065, 44.671387
53.006262, 57.990314
32.046022, 71.309241
9.361886, 84.628168
13.825866, 277.947095
36.269865, 291.266022
56.762749, 304.584949
74.202119, 317.903876
87.649834, 331.222803
96.382483, 344.541730
99.930300, 357.860657
98.102430, 11.179584
90.997205, 24.498511
78.996844, 37.817438
62.746899, 51.136365
43.121526, 64.455292
21.176458, 77.774219
1.907783, 271.093146
24.889397, 284.412073
46.532102, 297.731000
65.671642, 311.049927
81.278419, 324.368854
92.512877, 337.687781
98.770665, 351.006708
99.715149, 4.325635
95.295521, 17.644562
85.749533, 30.963488
71.590705, 44.282415
53.580701, 57.601342
32.688359, 70.920269
10.037567, 84.239196
13.153189, 277.558123
35.636378, 290.877050
56.202531, 304.195977
73.745305, 317.514904
87.320999, 330.833831
96.199317, 344.152758
99.902654, 357.471685
98.231794, 10.790612
91.276618, 24.109539
79.411276, 37.428466
63.274056, 50.747393
43.733049, 64.066320
21.839452, 77.385247
1.228985, 270.704174
24.231309, 284.023101
45.930126, 297.342028
65.158161, 310.660955
80.881056, 323.979882
92.253007, 337.298809
98.662267, 350.617736
99.764055, 3.936663
95.499101, 17.255590
86.096834, 30.574517
72.063045, 43.893444
54.152671, 57.212371
33.329189, 70.531298
10.712785, 83.850225
12.479906, 277.169152
35.001249, 290.488079
55.639722, 303.807006
73.285093, 317.125933
86.988140, 330.444860
96.011716, 343.763787
99.870405, 357.082714
98.356630, 10.401641
91.551825, 23.720568
79.822048, 37.039495
63.798297, 50.358422
44.342557, 63.677349
22.501439, 76.996276
0.550130, 270.315203
23.572104, 283.634130
45.326033, 296.953057
64.641677, 310.271984
80.479965, 323.590911
91.988885, 336.909838
98.549323, 350.228765
99.808364, 3.547692
95.698279, 16.866619
86.440168, 30.185546
72.532064, 43.504472
54.722145, 56.823399
33.968483, 70.142326
11.387510, 83.461253
11.806048, 276.780180
34.364506, 290.099107
55.074349, 303.418034
72.821503, 316.736961
86.651271, 330.055888
95.819691, 343.374815
99.833552, 356.693742
98.476933, 10.012669
91.822811, 23.331596
80.229141, 36.650523
64.319597, 49.969450
44.950021, 63.288377
23.162389, 76.607304
0.128751, 89.926231
22.911813, 283.245158
44.719852, 296.564085
64.122214, 309.883012
80.075164, 323.201939
91.720523, 336.520866
98.431836, 349.839793
99.848072, 3.158720
95.893047, 16.477647
86.779517, 29.796574
72.997739, 43.115501
55.289096, 56.434428
34.606212, 69.753355
12.061709, 83.072282
11.131645, 276.391209
33.726180, 289.710136
54.506437, 303.029063
72.354556, 316.347990
86.310409, 329.666917
95.623249, 342.985844
99.792099, 356.304771
98.592698, 9.623698
92.089566, 22.942625
80.632537, 36.261552
64.837933, 49.580479
45.555414, 62.899406
23.822272, 76.218333
0.807625, 89.537260
22.250466, 282.856187
44.111609, 296.175114
63.599796, 309.494041
79.666674, 322.812968
91.447934, 336.131895
98.309813, 349.450822
99.883179, 2.769749
96.083395, 16.088676
87.114867, 29.407603
73.460051, 42.726530
55.853500, 56.045456
35.242346, 69.364383
12.735353, 82.683310
10.456730, 276.002237
33.086300, 289.321164
53.936014, 302.640091
71.884275, 315.959018
85.965569, 329.277945
95.422400, 342.596872
99.746046, 355.915799
98.703918, 9.234726
92.352077, 22.553653
81.032216, 35.872580
65.353280, 49.191507
46.158707, 62.510434
24.481056, 75.829361
1.486463, 89.148288
21.588094, 282.467215
43.501333, 295.786142
63.074446, 309.105069
79.254511, 322.423996
91.171131, 335.742923
98.183259, 349.061850
99.913682, 2.380777
96.269314, 15.699704
87.446201, 29.018631
73.918977, 42.337558
56.415329, 55.656485
35.876856, 68.975412
13.408410, 82.294339
9.781333, 275.613266
32.444895, 288.932193
53.363105, 302.251120
71.410681, 315.570047
85.616767, 328.888974
95.217154, 342.207901
99.695396, 355.526828
98.810590, 8.845755
92.610332, 22.164682
81.428161, 35.483609
65.865616, 48.802536
46.759873, 62.121463
25.138712, 75.440390
2.165232, 88.759317
20.924726, 282.078244
42.889053, 295.397171
62.546190, 308.716098
78.838696, 322.035025
90.890125, 335.353952
98.052180, 348.672879
99.939581, 1.991806
96.450797, 15.310733
87.773506, 28.629660
74.374496, 41.948587
56.974558, 55.267514
36.509712, 68.586440
14.080849, 81.905367
9.105485, 275.224294
31.801994, 288.543221
52.787736, 301.862148
70.933796, 315.181075
85.264019, 328.500002
95.007519, 341.818929
99.640152, 355.137856
98.912707, 8.456783
92.864318, 21.775710
81.820353, 35.094637
66.374916, 48.413564
47.358883, 61.732491
25.795210, 75.051418
2.843901, 88.370345
20.260395, 281.689272
42.274795, 295.008199
62.015051, 308.327126
78.419247, 321.646053
90.604931, 334.964980
97.916581, 348.283907
99.960873, 1.602834
96.627835, 14.921761
88.096765, 28.240688
74.826587, 41.559615
57.531162, 54.878542
37.140885, 68.197469
14.752638, 81.516396
8.429217, 274.835323
31.157628, 288.154250
52.209934, 301.473177
70.453642, 314.792104
84.907341, 328.111031
94.793505, 341.429958
99.580315, 354.748885
99.010266, 8.067812
93.114024, 21.386739
82.208774, 34.705666
66.881157, 48.024593
47.955711, 61.343520
26.450519, 74.662447
3.522439, 87.981374
19.595129, 281.300301
41.658590, 294.619228
61.481053, 307.938155
77.996184, 321.257082
90.315561, 334.576009
97.776470, 347.894936
99.977559, 1.213863
96.800419, 14.532790
88.415964, 27.851717
75.275230, 41.170644
58.085114, 54.489571
37.770347, 67.808498
15.423748, 81.127424
7.752560, 274.446351
30.511825, 287.765278
51.629726, 301.084205
69.970240, 314.403132
84.546750, 327.722059
94.575123, 341.040986
99.515888, 354.359913
99.103261, 7.678840
93.359439, 20.997767
82.593406, 34.316694
67.384315, 47.635621
48.550329, 60.954548
27.104609, 74.273475
4.200814, 87.592402
18.928960, 280.911329
41.040464, 294.230256
60.944223, 307.549183
77.569526, 320.868110
90.022028, 334.187037
97.631853, 347.505964
99.989636, 0.824891
96.968542, 14.143818
88.731088, 27.462745
75.720404, 40.781672
58.636389, 54.100599
38.398068, 67.419526
16.094148, 80.738453
7.075547, 274.057380
29.864617, 287.376307
51.047139, 300.695234
69.483614, 314.014161
84.182263, 327.333088
94.352382, 340.652015
99.446875, 353.970942
99.191689, 7.289869
93.600551, 20.608796
82.974232, 33.927723
67.884368, 47.246650
49.142709, 60.565577
27.757450, 73.884504
4.878996, 87.203431
18.261919, 280.522358
40.420447, 293.841285
60.404583, 307.160212
77.139294, 320.479139
89.724346, 333.798066
97.482736, 347.116993
99.997106, 0.435920
97.132196, 13.754847
89.042123, 27.073774
76.162087, 40.392701
59.184961, 53.711628
39.024019, 67.030555
16.763805, 80.349481
6.398207, 273.668408
29.216032, 286.987335
50.462199, 300.306262
68.993785, 313.625189
83.813895, 326.944116
94.125292, 340.263043
99.373279, 353.581970
99.275546, 6.900897
93.837349, 20.219824
83.351234, 33.538751
68.381292, 46.857678
49.732824, 60.176605
28.409011, 73.495532
5.556954, 86.814459
17.594037, 280.133386
39.798567, 293.452313
59.862159, 306.771240
76.705506, 320.090167
89.422530, 333.409094
97.329126, 346.728021
99.999966, 0.046948
97.291373, 13.365875
89.349054, 26.684802
76.600261, 40.003729
59.730806, 53.322656
39.648172, 66.641583
17.432690, 79.960510
5.720573, 273.279437
28.566100, 286.598364
49.874933, 299.917291
68.500777, 313.236218
83.441665, 326.555145
93.893864, 339.874072
99.295103, 353.192999
99.354827, 6.511926
94.069823, 19.830853
83.724394, 33.149780
68.875065, 46.468707
50.320647, 59.787634
29.059263, 73.106561
6.234655, 86.425488
16.925343, 279.744415
39.174853, 293.063342
59.316977, 306.382269
76.268183, 319.701196
89.116591, 333.020123
97.171031, 346.339050
99.998218, 359.657977
97.446067, 12.976904
89.651867, 26.295831
77.034904, 39.614758
60.273898, 52.933685
40.270497, 66.252612
18.100771, 79.571539
5.042674, 272.890465
27.914852, 286.209392
49.285369, 299.528319
68.004611, 312.847246
83.065590, 326.166173
93.658109, 339.485100
99.212351, 352.804027
##END=
